5584059449
16850581551
21924480357
33554432
8587340257
19254145824
10510100501
33554432
19254145824
10510100501
8587340257
10000000000
12762815625
16105100000
11592740743
33554432
21003416576
12166529024
10510100501
33554432
17623416832
14693280768
8587340257
12762815625
16105100000
21003416576
10510100501
24883200000
21003416576
33554432
16850581551
11040808032
33554432
16850581551
21924480357
19254145824
33554432
20113571875
10510100501
9509900499
16850581551
16105100000
10000000000
33554432
8587340257
20113571875
20113571875
12762815625
11592740743
16105100000
15386239549
10510100501
16105100000
21003416576
33554432
12762815625
16105100000
33554432
9509900499
19254145824
25937424601
17623416832
21003416576
16850581551
11592740743
19254145824
8587340257
17623416832
12166529024
25937424601
205962976
100000
1680700000
16850581551
19254145824
33554432
21003416576
12166529024
12762815625
20113571875
33554432
8587340257
20113571875
20113571875
12762815625
11592740743
16105100000
15386239549
10510100501
16105100000
21003416576
164916224
33554432
12762815625
15386239549
17623416832
14693280768
10510100501
15386239549
10510100501
16105100000
21003416576
33554432
25937424601
16850581551
21924480357
19254145824
33554432
16850581551
23863536599
16105100000
33554432
3707398432
3939040643
1160290625
33554432
9509900499
19254145824
25937424601
17623416832
21003416576
16850581551
20113571875
25937424601
20113571875
21003416576
10510100501
15386239549
33554432
11040808032
16850581551
19254145824
33554432
21003416576
10510100501
24883200000
21003416576
33554432
11040808032
12762815625
14693280768
10510100501
20113571875
205962976
100000
4182119424
12166529024
10510100501
16105100000
164916224
33554432
19254145824
10510100501
184528125
10510100501
16105100000
9509900499
19254145824
25937424601
17623416832
21003416576
33554432
21003416576
12166529024
12762815625
20113571875
33554432
17623416832
14693280768
8587340257
12762815625
16105100000
21003416576
10510100501
24883200000
21003416576
33554432
23863536599
12762815625
21003416576
12166529024
33554432
25937424601
16850581551
21924480357
19254145824
33554432
16850581551
23863536599
16105100000
33554432
3707398432
3939040643
1160290625
33554432
14025517307
10510100501
25937424601
20113571875
33554432
8587340257
16105100000
10000000000
33554432
21003416576
12166529024
10510100501
16105100000
33554432
20113571875
21924480357
9039207968
15386239549
12762815625
21003416576
33554432
21003416576
12166529024
10510100501
100000
10510100501
16105100000
9509900499
19254145824
25937424601
17623416832
21003416576
10510100501
10000000000
33554432
21003416576
10510100501
24883200000
21003416576
33554432
11040808032
12762815625
14693280768
10510100501
33554432
22877577568
12762815625
8587340257
33554432
10510100501
15386239549
8587340257
12762815625
14693280768
33554432
8587340257
14693280768
16850581551
16105100000
11592740743
33554432
23863536599
12762815625
21003416576
12166529024
33554432
21003416576
12166529024
10510100501
33554432
3707398432
3939040643
1160290625
33554432
20113571875
10510100501
9509900499
19254145824
10510100501
21003416576
33554432
14025517307
10510100501
25937424601
20113571875
33554432
102400000
23863536599
12166529024
12762815625
9509900499
12166529024
33554432
8587340257
19254145824
10510100501
33554432
21003416576
12166529024
10510100501
100000
3707398432
3939040643
1160290625
33554432
15386239549
16850581551
10000000000
21924480357
14693280768
21924480357
20113571875
33554432
8587340257
16105100000
10000000000
33554432
3707398432
3939040643
1160290625
33554432
20113571875
10510100501
9509900499
19254145824
10510100501
21003416576
33554432
10000000000
10510100501
9509900499
19254145824
25937424601
17623416832
21003416576
12762815625
16850581551
16105100000
33554432
10510100501
24883200000
17623416832
16850581551
16105100000
10510100501
16105100000
21003416576
33554432
21924480357
20113571875
10510100501
10000000000
115856201
205962976
33554432
5584059449
16850581551
21924480357
33554432
15386239549
8587340257
25937424601
33554432
12762815625
15386239549
17623416832
14693280768
10510100501
15386239549
10510100501
16105100000
21003416576
33554432
3707398432
3939040643
1160290625
100000
12762815625
16105100000
33554432
8587340257
16105100000
25937424601
33554432
17623416832
19254145824
16850581551
11592740743
19254145824
8587340257
15386239549
15386239549
12762815625
16105100000
11592740743
33554432
14693280768
8587340257
16105100000
11592740743
21924480357
8587340257
11592740743
10510100501
33554432
16850581551
11040808032
33554432
25937424601
16850581551
21924480357
19254145824
33554432
9509900499
12166529024
16850581551
12762815625
9509900499
10510100501
205962976
33554432
3939040643
21924480357
9039207968
15386239549
12762815625
21003416576
33554432
21003416576
12166529024
10510100501
33554432
20113571875
16850581551
21924480357
19254145824
9509900499
10510100501
33554432
11040808032
16850581551
19254145824
33554432
25937424601
16850581551
21924480357
19254145824
33554432
3707398432
3939040643
1160290625
100000
17623416832
19254145824
16850581551
11592740743
19254145824
8587340257
15386239549
33554432
12762815625
16105100000
33554432
8587340257
33554432
20113571875
10510100501
17623416832
8587340257
19254145824
8587340257
21003416576
10510100501
33554432
9509900499
16850581551
15386239549
17623416832
19254145824
10510100501
20113571875
20113571875
10510100501
10000000000
33554432
11040808032
12762815625
14693280768
10510100501
33554432
9039207968
25937424601
33554432
10510100501
15386239549
8587340257
12762815625
14693280768
205962976
